0 0
1 0
2 0
3 0
4 0
5 0
6 0
7 0
8 62
9 3
10 15
11 31
12 0
13 6
14 32
15 41
16 21
17 8
18 34
19 16
20 38
21 14
22 37
23 0
24 34
25 0
26 0
27 0
28 40
29 95
30 81
31 1
32 4
33 0
34 0
35 61
36 78
37 64
38 28
39 16
40 0
41 24
42 0
43 40
44 47
45 0
46 5
47 44
48 0
49 0
50 0
51 17
52 43
53 43
54 0
55 55
56 52
57 39
58 7
59 1
60 0
61 4
62 0
63 16
64 69
65 26
66 56
67 85
68 48
69 53
70 96
71 97
72 15
73 5
74 0
75 2
76 57
77 11
78 0
79 0
80 0
81 13
82 9
83 0
84 49
85 0
86 69
87 7
88 71
89 83
90 32
91 3
92 90
93 82
94 21
95 61
96 0
97 0
98 33
99 96
100 85
101 10
102 32
103 79
104 49
105 62
106 98
107 17
108 77
109 61
110 16
111 0
112 0
113 15
114 0
115 0
116 5
117 40
118 0
119 0
